1798
5167
3079
9874
9137
4619
6023
3024
7925
4736
5339
3827
4713
8773
9001
4377
9833
4548
5968
3876
4790
8195
9450
8068
5004
8862
5164
3115
5188
2695
2892
4052
1524
8583
2864
5734
2862
8015
7669
5294
3991
5912
8686
2669
4915
8724
4300
8109
4123
7254
8810
2127
6589
3754
3990
3319
5253
9035
6966
1725
1090
1824
2849
7484
7602
3131
8285
2580
9192
9313
4123
8909
9066
8798
3971
6797
1218
7484
7014
5261
2741
9858
1194
9431
2800
6849
9547
8655
7585
2873
4800
1442
7585
5862
2814
1603
9029
3031
6484
8235
4567
8834
3495
3893
7286
7476
4838
3383
3116
6568
5602
4050
5593
5480
6810
2334
1441
7740
5192
2157
8858
7517
8229
7089
3348
1597
7263
3904
5598
7927
8010
7736
9405
8593
4440
9520
4382
6838
4862
5550
3844
7710
8010
5150
3451
6024
5276
1063
8169
6547
4790
7355
4055
5184
8464
4432
2201
2895
7853
1083
1879
9249
9908
3961
6296
8934
9721
3716
9735
4299
3401
4939
7826
1145
4391
5848
7845
8227
6738
9258
2077
7403
8087
8486
3729
2430
7378
5692
9729
5455
3896
8676
2214
2388
2608
3403
8028
7258
2459
6260
6840
3420
6374
6686
3421
5087
5152
7069
7050
8121
2045
7084
5268
9365
5590
6031
6961
9508
3095
9208
4827
4357
1577
5936
4911
4010
7786
8460
1124
6279
9146
9920
7568
9277
8189
1586
3882
4707
5424
8941
9418
5320
4589
7859
6553
6658
6117
6177
3097
3379
7472
4030
9196
8621
3913
9602
3949
2013
5056
2419
8154
4296
5194
3465
9483
8639
3676
8488
8512
3692
6739
6947
2177
7571
2867
6349
6954
5565
3500
6304
9033
5643
4615
2639
2239
6999
3446
1612
6487
8907
5454
7041
3543
5800
2051
3325
2768
8247
9980
3329
5933
7140
9422
7012
1364
5628
5107
3565
2549
8972
5870
1078
2350
5743
1957
9951
8199
9888
9813
9139
8082
4071
5218
9957
7087
8287
3024
4890
3448
8540
5748
9990
2322
8442
6171
3120
2875
5429
3272
3334
6240
8508
6850
4553
1067
4969
3729
5172
4256
2398
7733
2447
3470
7360
5260
7403
9466
9857
6450
4583
9546
4227
9413
5687
2858
4558
6792
8636
7106
6946
2198
9350
1260
4080
2605
8192
3842
2817
1696
3313
7011
7953
7319
4784
4885
9675
3439
1735
9966
3004
2967
7914
2233
9771
6900
3271
1276
5487
9501
5925
2680
6245
4458
3289
4846
3716
3079
2171
7831
3739
2563
3520
6796
2371
5725
3026
5943
3960
4957
7554
1157
8596
1492
4300
6425
7938
9321
6467
2318
1679
8597
1730
1434
7009
1423
7709
9138
8325
9647
1407
6717
3444
9522
6072
7330
7887
6645
7247
4260
4949
7863
9378
6731
4889
9823
2671
4801
9834
9354
7673
1979
5106
1458
9988
8291
8610
6615
7615
8210
6458
9671
5673
2416
5948
9655
7863
9998
3870
5718
4363
7656
2053
4392
8805
2890
9550
3719
4773
9104
8570
4595
3702
7621
5350
8730
5056
2299
6290
5629
5756
