967
577
459
586
717
500
471
833
715
105
433
767
248
111
934
582
218
312
131
155
892
830
318
170
886
976
239
882
863
138
645
176
866
271
910
758
752
958
492
746
637
677
144
962
551
503
937
266
862
704
507
982
917
333
577
402
811
218
929
146
515
871
904
558
901
319
509
282
128
511
695
183
830
594
613
594
412
216
295
856
615
214
993
491
144
251
572
880
461
736
428
294
927
477
675
111
234
600
483
426
417
776
766
611
203
769
535
683
532
533
699
136
987
344
388
767
502
657
872
973
287
827
903
175
474
845
252
911
587
726
968
499
826
869
121
592
281
813
534
193
762
709
885
621
254
429
568
557
678
454
901
316
103
193
373
925
191
882
217
358
938
637
807
936
144
622
879
598
584
262
682
495
791
438
219
558
714
631
466
331
460
921
289
323
643
912
483
131
269
200
449
793
571
497
800
582
729
748
805
686
267
459
503
743
158
319
701
913
700
429
321
264
339
528
777
745
677
129
458
534
846
874
266
115
293
321
107
618
862
873
626
628
522
407
303
953
303
300
151
191
181
310
465
261
705
730
182
980
564
333
595
123
226
306
351
176
736
304
109
446
123
962
280
502
186
489
160
794
750
436
844
346
101
945
954
554
581
389
816
619
603
487
896
298
288
584
537
347
615
453
781
517
533
232
524
790
621
976
231
608
976
544
325
431
393
873
362
483
830
313
814
399
148
956
739
200
120
215
158
368
366
949
572
622
619
664
598
473
675
382
851
686
682
927
108
323
966
940
186
168
589
238
516
467
488
812
184
679
729
863
953
959
622
266
511
105
833
379
663
635
649
864
572
195
763
884
955
163
462
920
997
733
150
549
133
663
190
519
858
223
860
382
455
964
242
351
962
826
341
210
656
658
986
776
748
916
317
304
577
170
274
101
736
223
471
910
186
945
620
715
305
634
585
797
450
618
186
259
970
140
505
137
262
793
600
731
359
693
603
941
917
360
738
247
875
601
723
142
482
831
269
266
705
809
332
539
355
158
294
811
675
397
542
842
953
623
868
500
906
265
294
796
465
623
671
844
430
846
726
529
367
446
246
173
113
362
617
729
361
317
463
781
939
924
251
499
204
481
180
511
422
938
739
620
277
794
851
978
648
864
